list(pi=0.5 ,sen1=.8,sen2=.85,spec1=.9,spec2=.95,u.covp12=0.5,u.covn12=0.5)