list(pi=0.5 ,sen1=.8,sen2=.85,spec1=.9,spec2=.95)